=========================================
Eternal Empire LE
142.5
140.5
33.5
31.5
3333333333333333333333333333333333333333333333333333333333333333333333333333333333333333333333333333
3333333333333333333333333333333333333333333333333333333333333333333333333333333333333333333333333333
3333333333333333333333333333333333333333333333333333333333333333333333333333333333333333333333333333
3333333333333333333333333333333333333333333333333333333333333333333333333333333333333333333333333333
3333333333333333333333333333333333333333333333333333333333333333333333333333333333333333333333333333
3333333333333333333333333333333333333333333333333333333333333333333333333333333333333333333333333333
3333333333333333333333333333333333333333333333333333333333333333333333333333333333333333333333333333
3333333333333333333333333333333333333333333333333333333333333333333333333333333333333333333333333333
3333333333333333333333333333333333333333333333333333333333333333333333333333333333333333333333333333
3333333333333333333333333333333333333333333333333333333333333333333333333333333333333333333333333333
3333333333333333333333333333333333333333333333333333333333333333333333333333333333333333333333333333
3333333333333333333333333333333333333333333333333333333333333333333333333333333333333333333333333333
3333333333333333333333333333333333333333333333333333333333333333333333333333333333333333333333333333
3333333333333333333333333333333333333333333333333333333333333333333333333333333333333333333333333333
3333333333333333333333333333333333333333333333333333333333333333333333333333333333333333333333333333
3333333333333333333333333333333333333333333333333333333333333333333333333333333333333333333333333333
3333333333333333333333333333333333333333333333333333333333333333333333333333333333333333333333333333
3333333333333333333333333333333333333333333333333333333333333333333333333333333333333333333333333333
3333333333333333333333333333333333333333333333333333333333333333333333333333333333333333333333333333
3333333333333333333333333333333333333333333333333333333333333333333333333333333333333333333333333333
3333333333333333333333333333333333333333333333333333333333333333333333333333333333333333333333333333
3333333333333333333333333333333333333333333333333333333333333333333333333333333333333333333333333333
3333333333333333333333333333333333333333333333333333333333333333333333333333333333333333333333333333
3333333333333333333333333333333333333333333333333333333333333333333333333333333333333333333333333333
3333333333333333333333333333333333333333333333333333333333333333333333333333333333333333333333333333
3333333333333333333333333333333333333333333333333333333333333333333333333333333333333333333333333333
3333333333333333333333333333333333333333333333333333333333333333333333333333333333333333333333333333
3333333333333333333333333333333333333333333333333333333333333333333333333333333333333333333333333333
3333333333333333333333333333333333333333333333333333333333333333333333333333333333333333333333333333
3333333333333333333333333333333333333333333333333333333333333333333333333333333333333333333333333333
3333333333333333333333333333333333333333333333333333333333333333333333333333333333333333333333333333
3333333333333333333333333333333333333333333333333333333333333333333333333333333333333333333333333333
3333333333333333333333333333333333333333333333333333333333333333333333333333333333333333333333333333
3333333333333333333333333333333333333333333333333333333333333333333333333333333333333333333333333333
3333333333333333333333333333333333333333333333333333333333333333333333333333333333333333333333333333
3333333333333333333333333333333333333333333333333333333333333333333333333333333333333333333333333333
3333333333333333333333333333333333333333333333333333333333333333333333333333333333333333333333333333
3333333333333333333333333333333333333333333333333333333333333333333333333333333333333333333333333333
3333333333333333333333330000003333333300000033333333333333000000000033333333333333333333333333333333
3333333333333333333333333333333333333333333333333333333333333333333333333333333333333333333333333333
3333333333333333333333300000000333333000000003333333333330000000000003333333333333333333333333333333
3333333000000000033333333000000333333333333333333333333333333333333333333333333333333333333333333333
3333333333333333333300000000000000000000000000003333330000000000000000003333333333333333333333333333
3333000000000000000000000000000000000000333333333333333333333333333333333333333333333333333333333333
3333333333333333333000000000000000000000000000000333300000000000000000000333333333333333333333333333
3330000000000000000000000000000000000000033333333333333333333333333333333333333333333333333333333333
3333333333333333333000000000000000000000000000000333300000000000000000000333333333333333333333333333
0000000000000000000000000000000000000000000000333333333333333333333333333333333333333333333333333333
3333333333333333333000000000000000000000000000000333300000000000000000000333333333333333333333333330
0000000000000000000000000000000000000000000000033333333333333333333333333333333333333333333333333333
3333333333333333330000000000001001110000000000000033000001110010000000000033333333333333333333333330
0000000000000000000000000000000000011100100000003333333333333333333333333333333333333333333333333333
3333333333333333300000000001011101110000000000000003000001110111010000000033333333333333333333333330
0000000000000000000000000000000000011101110100000333333333333333333333333333333333333333333333333333
3333333333333333300000000011010101110000000000000003000001110101011000000033333333333333333333333300
0000000000000000000000000000000000011101010110000333333333333333333333333333333333333333333333333333
3333333333333333300000000110000000000000000000000003000000000000001100000033333333333333333333333000
0000000000000000000000000000000000000000000011000333333333333333333333333333333333333333333333333333
3333333333333333300000000100000000000000000000000003000000000000000100000033333333333333333333333000
0000000000000000000000000000000000000000000001000333333333333333333333333333333333333333333333333333
3333333333333333330000000000000000000000000000000223300000000000000000000033333333333333333333333000
0000000000000000000000000000000000000000000000000333333333333333333333333333333333333333333333333333
3333333333333333333000001000000000000000000000002223330000000000000010000333333333333333333333330000
0000000000000000000000000000000000000000000000100033333333333333333333333333333333333333333333333333
3333333333333333333000001100000000000000000000002222330000000000000110000333333333333333333333300000
0000000000000000000000000000000000000000000001100003333333333333333333333333333333333333333333333333
3333333333333333333000000100000000000000000000033322230000000000000100000333333333333333333300000000
0000000000000000000000000000000000000000000001000003333333333333333333333333333333333333333333333333
3333333333333333333000000000000000000000000000033332221110000000000000000333333333333333333300000000
0000000000000000000000000000000000000000000000000003333333333333333333333333333333333333333333333333
3333333333333333333000011100000000000000000000033333201110000000000111000033333333333333333000000000
0000000000000000000000000000000000000000000001110003333333333333333333333333333333333333333333333333
3333333333333333333000011100000000000000000000033330001110000000000111000033333333333301001110000000
0000000000000000000000000000000000000000000001110003333333333333333333333333333333333333333333333333
3333333333333333330000011100000000000000000000003300000000000000000111000033333333331011101110000000
0000000000000003333333300000000000000000000001110003333333333333333333333333333333333333333333333333
3333333333333333300000000000000000000000000000000330000000000000000000000033333333311010101110000000
0000000000000033333333330030000000000000000000000003333333333333333333333333333333333333333333333333
3333333333333333300000000000000000000000000000000033300000000000000000000033333333110000000000000000
0000000003333333333333333333000000000000000000000003333333333333333333333333333333333333333333333333
3333333333333333300000000000000000000000000000000003300000000000000000000033333333100000000000000000
0000033333300000003333333333200000000000000000000003333333333333333333333333333333333333333333333333
3333333333333333300000000000000000000000000000000003300000000000000000000333333330000000000000000000
0000333333300101010333333332220000000000000000000000333333333333333333333333333333333333333333333333
3333333333333333330000000000000000000000000000000033300000000000033000000333333301000000000000000000
0000333300001101111033333322222000000000000000000000033333333333333333333333333333333333333333333333
3333333333333333333000000000000000000000000000000330000000000000333300000333333301100000000000000000
0000333300001000101003333222222200000000000000000000033333333333333333333333333333333333333333333333
3333333333333333333000000000000000000000000000000300000000000000333300003333333300100000000000000000
0000033300100000000003332222222220000000000000000000033333333333333333333333333333333333333333333333
3333333333333333333000000000000000000000000000000300000000000000333333333333333300000000000000000000
0000033001100000000003322222222222000000000000000000033333333333333333333333333333333333333333333333
3333333333333333333300000000000000000000000000003300000000000003333333333333333311100000000000000000
0000030001000000000000222222222223300000000000000000033333333333333333333333333333333333333333333333
3333333333333333333333300000000333333000000003333000000000000011133333333333333011100000000000000000
0000030000000000000000022222222233330000000000000000003333333333333333333333333333333333333333333333
3333333333333333333333330000003333333300000033000000000000000311133333333333330011100000000000000000
0033330011100000000000002222222333330000000000000000000333333333333333333333333333333333333333333333
3333333333333333333333333333333333333333333330000000000000003311132333333333300000000000000000000000
0033330011100000000000000222223333333333300000000000000333333333333333333333333333333333333333333333
3333333333333333333333333333333333333333333000000000000000022333322233333333000000000000000000000000
0233330011100000000000000022233333333333330000000000000333333333333333333333333333333333333333333333
3333333333333333333333333333333300000000000000000000000000222222222223333330000000000000000000000000
2223330000000000000000000002333333333333333000000000000033333333333333333333333333333333333333333333
3333333333333333333333333333333000100100111000000000000033322222222222333300000000000000000000000002
2222333330000000000000000000333303333333333000000000000033333333333333333333333333333333333333333333
3333333333333333333333333333330001101110111000000000000033332222222222233000000000000000000000000022
2222233330000000000000000000000000333333333000000000000033333333333333333333333333333333333333333333
3333333333333333333333333333300011001010111000000000000003333222222222220000000000000000000000000222
2222223300000000000000000000000000033333333330000000000033333333333333333333333333333333333333333333
3333333333333333333333333333000010000000000000000000000003333322222222200000000000000000000000002222
2222222300000000000000000000000000033333333333000000000033333333333333333333333333333333333333333333
3333333333333333333333333330000000000000000000000000000003333332222222000000000000000000000000333222
2222222000000000000000000000000000033333333333000000000033333333333333333333333333333333333333333333
3333333333333333333333333330001000000000000000000000000003333333222220000000000000000000000000333322
2222220000000000000000000000000000003333333330000000000033333333333333333333333333333333333333333333
3333333333333333333333333330001100000000000000000000000033333333322200000000000000000000000000033332
2222200000000000000000000000000000003333333000000000000033333333333333333333333333333333333333333333
3333333333333333333333333300000100000000000000000000000333333333332000000000000000000000000000033333
2222000000000000000000000000000000333333333000000000000033333333333333333333333333333333333333333333
3333333333333333333333333000000000000000000000000000003333333333330000000000000000000000000000033333
3220000000000000000000000000000002333333333000000000000033333333333333333333333333333333333333333333
3333333333333333333333333000011100000000000000000000033333333333300000000000000000000000000000033333
3300000000000000000000000000000022233333330000000000000333333333333333333333333333333333333333333333
3333333333333333333333333000011100000000000000000000333333333333333300000000000000000000000000333333
0000000000000000000000000000000222223333300000000000000333333333333333333333333333333333333333333333
3333333333333333333333333000011100000000000000000003333333333333333300000000000000000000000003333333
0000000000000000000000000000002222222333300000000000000333333333333333333333333333333333333333333333
3333333333333333333333333330000000000000000000000003333333333333333320000000000000000000033333333333
2000000000000000000000000000022222222233330000000000003333333333333333333333333333333333333333333333
3333333333333333333333333333000000000000000000000003333333303333333222000000000000000000333333333332
2200000000000000000000000000222222222223300000000000033333333333333333333333333333333333333333333333
3333333333333333333333333333300000000000000000000033333333003333332222200000000000000000333333333322
2220000000000000000000000000322222222222000000000000033333333333333333333333333333333333333333333333
3333333333333333333333333333330111000000000000000333333330003333322222220000000000000003333333333222
2222000000000000000000033333332222222220000000000000033333333333333333333333333333333333333333333333
3333333333333333333333333333330111000000000000003333333300000333222222222000000000000033333333332222
2222200000000000000000033333333222222200000000000000033333333333333333333333333333333333333333333333
3333333333333333333333333333300111000000000000033333333000000032222222222200000000000333333333322222
2222220000000000000000033333333322222000000000000000003333333333333333333333333333333333333333333333
3333333333333333333333333333000000000000000003333333333000000002222222222220000000003333333000222222
2222222000000000000000033333333332220000000000000000000333333333333333333333333333333333333333333333
3333333333333333333333333330000000000000000033333333330000000000222222222222000000033333330000022222
2222222200000000000000033333333333200000000000001110000333333333333333333333333333333333333333333333
3333333333333333333333333000000000000000000233333333300000000000022222222223330000333333300000002222
2222222330000000000000033333333333000000000000001110000333333333333333333333333333333333333333333333
3333333333333333333333333000000000000000002223333333300000000000002222222233330003333333000000000222
2222223330000000000000033333333330000000000000001111000333333333333333333333333333333333333333333333
3333333333333333333333333000000000000000022222333333000000000000000222222333300333333330000000000022
2222233330000000000000003333333330000000000000000001100333333333333333333333333333333333333333333333
3333333333333333333333330000000000000000222222233330000000000000000022223333303333333300000000000002
2222333333300000000000000000033333000000000000000000100033333333333333333333333333333333333333333333
3333333333333333333333300000000000000002222222223300000000000000000002233333333333333000000000000000
2223333333330000000000000000033333000000000000000000000033333333333333333333333333333333333333333333
3333333333333333333333000000000000000022222222222330000000000000000000333333333333330000000000000000
0233333333330000000000000000033333000000000000000000010033333333333333333333333333333333333333333333
3333333333333333333330000000000000000332222222222200000000000000000000033333333333330000000000000000
0033333333330000000000000001113330000000000000000000110033333333333333333333333333333333333333333333
3333333333333333333300000000000000003333222222222000000000000000000000222333333333300000000000000000
0003333333330000000000000001111330000000000000000000100033333333333333333333333333333333333333333333
3333333333333333333000000000000000000333322222220000000000000000000002233333333000000000000000000000
0000033333330000000000000001111133000000000000000000010033333333333333333333333333333333333333333333
3333333333333333333000000000000000000333332222200000000000000000000022333333333000000000000000000000
0000033333330000000000000000000103300000000000000000110033333333333333333333333333333333333333333333
3333333333333333333000000000000000003333333222000000000000000000000222331113333300000000000000000000
0000333333330000000000000000000003300000000000000000100033333333333333333333333333333333333333333333
3333333333333333333000000000000000033333133320000000000000000000002222331113233000000000000000000000
0003333333330000000000000000000013300000000000000000000333333333333333333333333333333333333333333333
3333333333333333333000000000000000033331100000000000000000000000033222331113220000000000000000000000
0333333333300000000000000000000011330000000000000001000333333333333333333333333333333333333333333333
3333333333333333330000000000000000033331000000000000000000000000033322233332200000000000000000000000
3333333333000000000000000000000001333000000000111011000333333333333333333333333333333333333333333333
3333333333333333300000000000000000033330000000000000000000000000033332222222000000000000000000000002
3333333330000000000000000000000001333000000000111010000333333333333333333333333333333333333333333333
3333333333333333300000000000000000033331000000000000000000000000033333222220000000000000000000000022
2333333330000000000000000000000011333000000000111000000333333333333333333333333333333333333333333333
3333333333333333300000011100000000033311000000000000000000000003333333322200000000000000000000000222
2233333000000000000000000000000013333000000000000000000333333333333333333333333333333333333333333333
3333333333333333300001011100000000033310000000000000000000000003333333332000000000000000000000002222
2223333000000000000000000000000003333000000000000000000333333333333333333333333333333333333333333333
3333333333333333300011011100000000033310000000000000000000000033333333330000000000000000000000022333
3222333000000000000000000000000013333000000000000000003333333333333333333333333333333333333333333333
3333333333333333300010000000000000003311000000000000000000000333333333300000000000000000000000223333
3322233000000000000000000000000113333000000000000000033333333333333333333333333333333333333333333333
3333333333333333300000000000000000000331000000000000000000003333333330000000000000000000000003323311
1322220000000000000000000002333133333000000000000000033333333333333333333333333333333333333333333333
3333333333333333000100000000000000000330000000000000000000003333333300000000000000000000000033333311
1322200000000000000000000022233333330000000000000000033333333333333333333333333333333333333333333333
3333333333333333001100000000000000000330100000000000000000003333333000000000000000000000000003333311
1322000000000000000000000222223333300000000000000000033333333333333333333333333333333333333333333333
3333333333333333001000000000000000000033111110000000000000003333333000000000000000000000000003333333
3220000000000000000000002222222333300000000000000000033333333333333333333333333333333333333333333333
3333333333333333000100000000000000000003311110000000000000003333333330000000000000000000033333333332
2200000000000000000000022222222233330000000000000000333333333333333333333333333333333333333333333333
3333333333333333001100000000000000000003331110000000000000003333333333000000000000000000333333333333
3000000000000000000000222222222223300000000000000003333333333333333333333333333333333333333333333333
3333333333333333001000000000000000000033333000000000000000003333333333200000000000000000333333333333
3300000000000000000003322222222222000000000000000033333333333333333333333333333333333333333333333333
3333333333333333000000000000000000000033333000000000000000003333333332220000000000000003333333333333
3220000000000000000000332222222220000000000000000333333333333333333333333333333333333333333333333333
3333333333333333000100000000000000000033333000000000000000000333333322222000000000000033333333033333
2222000000000000000003333222222200000000000000003333333333333333333333333333333333333333333333333333
3333333333333333300110000000000000000003333333330000000000000003333222222200000000000333333330033332
2222200000000000000033333322222000000000000000033333333333333333333333333333333333333333333333333333
3333333333333333300011110000000000000003333333333000000000000003332222222220000000003333333000333322
2222220000000000000333333332220000000000000000033333333333333333333333333333333333333333333333333333
3333333333333333300001110000000000000033333333333000000000000003322222222222000000033333330000333222
2222222000000000000333333333200000000000000000033333333333333333333333333333333333333333333333333333
3333333333333333300001110000000000000233333333333000000000000000222222222222200000333333300000002222
2222222200000000003333333333000000000000000003333333333333333333333333333333333333333333333333333333
3333333333333333300000000000000000002223333333333000000000000000022222222222220003333333000000000222
2222222220000000033333333330000000000000000033333333333333333333333333333333333333333333333333333333
3333333333333333330000000000000000022222333333333000000000000000002222222222233333333330000000000022
2222222223000000033333333000000000000000000333333333333333333333333333333333333333333333333333333333
3333333333333333333000000000000000222222233333333000000000000000000222222222333333333300000000000002
2222222233300000333333330000000000000001113333333333333333333333333333333333333333333333333333333333
3333333333333333333000000000000002222222223333333000000000000000000022222223333333333000000000000000
2222222333330003333333300000000000000001113333333333333333333333333333333333333333333333333333333333
3333333333333333333000000000000022222222222300000000000000000000000002222233333333330000000000000000
0222223333330033333333000000000000000001110333333333333333333333333333333333333333333333333333333333
3333333333333333333000000000000332222222222200000000000000000000000000222333333333330000000000000000
0022233333330333333330000000000000000000000033333333333333333333333333333333333333333333333333333333
3333333333333333330000000000003333222222222000000000000000000000000000023333333333300000000000000000
0002333333333333333330000000000000000000000003333333333333333333333333333333333333333333333333333333
3333333333333333300000000000000333322222220000000000000000000000000000003333333000000000000000000000
0000333333333333333330000000000000000000111000033333333333333333333333333333333333333333333333333333
3333333333333333300000000000000333332222200000000000000000000000000000003333330000000000000000000000
0000333333333333333300000000000000000000111000033333333333333333333333333333333333333333333333333333
3333333333333333300000000000003333333222000000000000000000000000000000333333300000000000000000000000
0000000333333333333000000000000000000000111000033333333333333333333333333333333333333333333333333333
3333333333333333000000000000033333333320000000000000000000000000000002233333300000000000000000000000
0000003333333333330000000000000000000000000000033333333333333333333333333333333333333333333333333333
3333333333333333000000000000033333333300000000000000000000000000000022223333300000000000000000000000
0000023333333333300000000000000000000000100000333333333333333333333333333333333333333333333333333333
3333333333333333000000000000033333330000000000000000000000000000000222222333300000000000000000000000
0000222333333333000000000000000000000000110003333333333333333333333333333333333333333333333333333333
3333333333333333000000000003333333330000000000000000000000000000002222222233330000000000000000000000
0002222233333330000000000000000000000000010003333333333333333333333333333333333333333333333333333333
3333333333333333000000000033333333333000000000000000000000000000022222222223330000000000000000000000
0022222223333330000000000000000000000000000003333333333333333333333333333333333333333333333333333333
3333333333333333000000000033333333333000000000000000000000000000322222222222000000000000000000000000
0222222222333330000000000000000000000001000033333333333333333333333333333333333333333333333333333333
3333333333333333000000000003333333333000000000000000000000000000332222222220000000000000000000000000
2222222222233330000000000000011101010011000333333333333333333333333333333333333333333333333333333333
3333333333333333000000000000033333333300000000000000000000000003333222222200000000000000000000000003
3222222222223330000000000000011101110110003333333333333333333333333333333333333333333333333333333333
3333333333333333000000000000033333333330333300000000000000000003333322222000000000000000000000000033
3322222222222330000000000000011100100100033333333333333333333333333333333333333333333333333333333333
3333333333333333000000000000033333333333333320000000000000000000003332220000000000000000000000000333
3332222222222200000000000000000000000000333333333333333333333333333333333333333333333333333333333333
3333333333333333300000000000003333333333333222000000000000000111003333200000000000000000000000003333
3333222333322000000000000000033333333333333333333333333333333333333333333333333333333333333333333333
3333333333333333300000000000000333333333332222200000000000000111003333000000000000000000000000033333
3333323333330000000000000003333333333333333333333333333333333333333333333333333333333333333333333333
3333333333333333300000000000000000003333322222220000000000000111003333000000000000000000011100333333
3333333311100000000000000033000000333333330000003333333333333333333333333333333333333333333333333333
3333333333333333330000000000000000003333222222222000000000000000003000000000000000000000011103333333
3333333311100000000000033330000000033333300000000333333333333333333333333333333333333333333333333333
3333333333333333333000000000000000000332222222222200000000000010003000000000000000000000011133333333
3333333311100000000000330000000000000000000000000000333333333333333333333333333333333333333333333333
3333333333333333333000000000000000000022222222222330000000000110033000000000000000000000000033333333
3333333300000000000000300000000000000000000000000000033333333333333333333333333333333333333333333333
3333333333333333333000000000000000000002222222223330000000000100333000000000000000000000010033333333
0000333300000000000000300000000000000000000000000000033333333333333333333333333333333333333333333333
3333333333333333333000000000000000000000222222233330010100010000333300000000000000000000011033333330
0000333300000000000003300000000000000000000000000000033333333333333333333333333333333333333333333333
3333333333333333333000000000000000000000022222333333011110110000333300000000000000000000001033333330
0000033000000000000333000000000000000000000000000000003333333333333333333333333333333333333333333333
3333333333333333333300000000000000000000002223333333301010100333333300000000000000000000000333333330
0000000000000000000330000000000000000000000000000000000333333333333333333333333333333333333333333333
3333333333333333333330000000000000000000000233333333330000000333333000000000000000000000013333333300
0000000000000000000330000000000000000000000000000000000333333333333333333333333333333333333333333333
3333333333333333333330000000000000000000000033333333333333333330000000000000000000000000113333333300
0000000000000000000333000000000000000000000000000000000333333333333333333333333333333333333333333333
3333333333333333333330000000000000000000000003003333333333000000000000000000000111010101133333333300
0000000000000000000003300000000000000000000000000000000333333333333333333333333333333333333333333333
3333333333333333333330001110000000000000000000000333333330000000000000000000000111011101333333333300
0011100000000000000000330000000000000000000000111000003333333333333333333333333333333333333333333333
3333333333333333333330001110000000000000000000000000000000000000000000000000000111001033333333333300
0011100000000000000003333000000000000000000000111000033333333333333333333333333333333333333333333333
3333333333333333333330001110000000000000000000000000000000000000000000000000000003333333333333333300
0011100000000000111233333000000000000044444000111000033333333333333333333333333333333333333333333333
3333333333333333333330000000000000000000000000000000000000000000000000000000000033333333333333333330
0000000000000000111223333000000000000044444000000000033333333333333333333333333333333333333333333333
3333333333333333333330000010000000000000000000000000000000000000000000000000000033333333333333333330
0000100000000000111222333000000000000044444000100000033333333333333333333333333333333333333333333333
3333333333333333333330000110000000000000000000000000000000000000000000000000033333333333333333333330
0001100000000000003322220000000000000044444000110000033333333333333333333333333333333333333333333333
3333333333333333333333000100000000000000000000000000000000000000000000000000333333333333333333333330
0001000000000000003332220000000000000044444000010000033333333333333333333333333333333333333333333333
3333333333333333333333300000000000000000000000000000000000000000000000000003333333333333333333333300
0000000000000000000332200000000000000000000000000000003333333333333333333333333333333333333333333333
3333333333333333333333300010000000000000000000000000000000000000000000000003333333333333333333333300
0000100000000000000030000000000000000000000000100000000333333333333333333333333333333333333333333333
3333333333333333333333300011000000000000000000000000000000000000000000000003333333333333333333333300
0000110000000000000030000000000000000000000001100000000333333333333333333333333333333333333333333333
3333333333333333333333300001101010111000000000000000000000000000000000000033333333333333333333333300
0000011010101110000030000000000000001110101011000000000333333333333333333333333333333333333333333333
3333333333333333333333300000101110111000000000000000000000000000000000000333333333333333333333333300
0000001011101110000030000000000000001110111010000000000333333333333333333333333333333333333333333333
3333333333333333333333330000000100111000000000000000000000000000000000000333333333333333333333333300
0000000001001110000033000000000000001110010000000000003333333333333333333333333333333333333333333333
3333333333333333333333333000000000000000000000000000000000000000000000000333333333333333333333333330
0000000000000000000333300000000000000000000000000000033333333333333333333333333333333333333333333333
3333333333333333333333333300000000000000000000000000000000000000000000003333333333333333333333333330
0000000000000000000333300000000000000000000000000000033333333333333333333333333333333333333333333333
3333333333333333333333333333333000000000000000000000000000000000000003333333333333333333333333333330
0000000000000000000333300000000000000000000000000000033333333333333333333333333333333333333333333333
3333333333333333333333333333333300000000000000000000000000000000000033333333333333333333333333333333
0000000000000000003333330000000000000000000000000000333333333333333333333333333333333333333333333333
3333333333333333333333333333333333333333300000033333333000000000033333333333333333333333333333333333
3330000000000003333333333330000000033333300000000333333333333333333333333333333333333333333333333333
3333333333333333333333333333333333333333333333333333333333333333333333333333333333333333333333333333
3333000000000033333333333333000000333333330000003333333333333333333333333333333333333333333333333333
3333333333333333333333333333333333333333333333333333333333333333333333333333333333333333333333333333
3333333333333333333333333333333333333333333333333333333333333333333333333333333333333333333333333333
3333333333333333333333333333333333333333333333333333333333333333333333333333333333333333333333333333
3333333333333333333333333333333333333333333333333333333333333333333333333333333333333333333333333333
3333333333333333333333333333333333333333333333333333333333333333333333333333333333333333333333333333
3333333333333333333333333333333333333333333333333333333333333333333333333333333333333333333333333333
3333333333333333333333333333333333333333333333333333333333333333333333333333333333333333333333333333
3333333333333333333333333333333333333333333333333333333333333333333333333333333333333333333333333333
3333333333333333333333333333333333333333333333333333333333333333333333333333333333333333333333333333
3333333333333333333333333333333333333333333333333333333333333333333333333333333333333333333333333333
3333333333333333333333333333333333333333333333333333333333333333333333333333333333333333333333333333
3333333333333333333333333333333333333333333333333333333333333333333333333333333333333333333333333333
3333333333333333333333333333333333333333333333333333333333333333333333333333333333333333333333333333
3333333333333333333333333333333333333333333333333333333333333333333333333333333333333333333333333333
3333333333333333333333333333333333333333333333333333333333333333333333333333333333333333333333333333
3333333333333333333333333333333333333333333333333333333333333333333333333333333333333333333333333333
3333333333333333333333333333333333333333333333333333333333333333333333333333333333333333333333333333
3333333333333333333333333333333333333333333333333333333333333333333333333333333333333333333333333333
3333333333333333333333333333333333333333333333333333333333333333333333333333333333333333333333333333
3333333333333333333333333333333333333333333333333333333333333333333333333333333333333333333333333333
3333333333333333333333333333333333333333333333333333333333333333333333333333333333333333333333333333
3333333333333333333333333333333333333333333333333333333333333333333333333333333333333333333333333333
3333333333333333333333333333333333333333333333333333333333333333333333333333333333333333333333333333
3333333333333333333333333333333333333333333333333333333333333333333333333333333333333333333333333333
3333333333333333333333333333333333333333333333333333333333333333333333333333333333333333333333333333
3333333333333333333333333333333333333333333333333333333333333333333333333333333333333333333333333333
3333333333333333333333333333333333333333333333333333333333333333333333333333333333333333333333333333
3333333333333333333333333333333333333333333333333333333333333333333333333333333333333333333333333333
3333333333333333333333333333333333333333333333333333333333333333333333333333333333333333333333333333
3333333333333333333333333333333333333333333333333333333333333333333333333333333333333333333333333333
3333333333333333333333333333333333333333333333333333333333333333333333333333333333333333333333333333
3333333333333333333333333333333333333333333333333333333333333333333333333333333333333333333333333333
3333333333333333333333333333333333333333333333333333333333333333333333333333333333333333333333333333
3333333333333333333333333333333333333333333333333333333333333333333333333333333333333333333333333333
3333333333333333333333333333333333333333333333333333333333333333333333333333333333333333333333333333
3333333333333333333333333333333333333333333333333333333333333333333333333333333333333333333333333333
3333333333333333333333333333333333333333333333333333333333333333333333333333333333333333333333333333
3333333333333333333333333333333333333333333333333333333333333333333333333333333333333333333333333333
3333333333333333333333333333333333333333333333333333333333333333333333333333333333333333333333333333
3333333333333333333333333333333333333333333333333333333333333333333333333333333333333333333333333333
3333333333333333333333333333333333333333333333333333333333333333333333333333333333333333333333333333
3333333333333333333333333333333333333333333333333333333333333333333333333333333333333333333333333333
3333333333333333333333333333333333333333333333333333333333333333333333333333333333333333333333333333
3333333333333333333333333333333333333333333333333333333333333333333333333333333333333333333333333333
3333333333333333333333333333333333333333333333333333333333333333333333333333333333333333333333333333
3333333333333333333333333333333333333333333333333333333333333333333333333333333333333333333333333333
3333333333333333333333333333333333333333333333333333333333333333333333333333333333333333333333333333
3333333333333333333333333333333333333333333333333333333333333333333333333333333333333333333333333333
3333333333333333333333333333333333333333333333333333333333333333333333333333333333333333333333333333
3333333333333333333333333333333333333333333333333333333333333333333333333333333333333333333333333333
3333333333333333333333333333333333333333333333333333333333333333333333333333333333333333333333333333
3333333333333333333333333333333333333333333333333333333333333333333333333333333333333333333333333333
3333333333333333333333333333333333333333333333333333333333333333333333333333333333333333333333333333
3333333333333333333333333333333333333333333333333333333333333333333333333333333333333333333333333333
3333333333333333333333333333333333333333333333333333333333333333333333333333333333333333333333333333
3333333333333333333333333333333333333333333333333333333333333333333333333333333333333333333333333333
3333333333333333333333333333333333333333333333333333333333333333333333333333333333333333333333333333
3333333333333333333333333333333333333333333333333333333333333333333333333333333333333333333333333333
3333333333333333333333333333333333333333333333333333333333333333333333333333333333333333333333333333
3333333333333333333333333333333333333333333333333333333333333333333333333333333333333333333333333333
3333333333333333333333333333333333333333333333333333333333333333333333333333333333333333333333333333
3333333333333333333333333333333333333333333333333333333333333333333333333333333333333333333333333333
3333333333333333333333333333333333333333333333333333333333333333333333333333333333333333333333333333
3333333333333333333333333333333333333333333333333333333333333333333333333333333333333333333333333333
3333333333333333333333333333333333333333333333333333333333333333333333333333333333333333333333333333
3333333333333333333333333333333333333333333333333333333333333333333333333333333333333333333333333333
3333333333333333333333333333333333333333333333333333333333333333333333333333333333333333333333333333
3333333333333333333333333333333333333333333333333333333333333333333333333333333333333333333333333333
3333333333333333333333333333333333333333333333333333333333333333333333333333333333333333333333333333
3333333333333333333333333333333333333333333333333333333333333333333333333333333333333333333333333333
3333333333333333333333333333333333333333333333333333333333333333333333333333333333333333333333333333
3333333333333333333333333333333333333333333333333333333333333333333333333333333333333333333333333333
3333333333333333333333333333333333333333333333333333333333333333333333333333333333333333333333333333
3333333333333333333333333333333333333333333333333333333333333333333333333333333333333333333333333333
3333333333333333333333333333333333333333333333333333333333333333333333333333333333333333333333333333
3333333333333333333333333333333333333333333333333333333333333333333333333333333333333333333333333333
3333333333333333333333333333333333333333333333333333333333333333333333333333333333333333333333333333
3333333333333333333333333333333333333333333333333333333333333333333333333333333333333333333333333333
3333333333333333333333333333333333333333333333333333333333333333333333333333333333333333333333333333
3333333333333333333333333333333333333333333333333333333333333333333333333333333333333333333333333333
3333333333333333333333333333333333333333333333333333333333333333333333333333333333333333333333333333
3333333333333333333333333333333333333333333333333333333333333333333333333333333333333333333333333333
3333333333333333333333333333333333333333333333333333333333333333333333333333333333333333333333333333
3333333333333333333333333333333333333333333333333333333333333333333333333333333333333333333333333333
3333333333333333333333333333333333333333333333333333333333333333333333333333333333333333333333333333
3333333333333333333333333333333333333333333333333333333333333333333333333333333333333333333333333333
=========================================
