# strategy.txt
opponent zerg
0.5 0.5 0.5 0.5 0.5 0.5 0.5 0.5 0.5 0.5 
0.5 0.5 0.5 0.5 0.5 0.5 0.5 0.5 0.5 0.5 
0.575 0.5 0.5 0.5 0.5 0.5 0.5 0.5 0.5 0.5 
0.5 0.5 0.5 0.5 0.5 0.5 0.5 0.5 0.5 0.5 
0.5 0.5 0.575 0.63875 0.51125 0.63875 0.36125 0.36125 0.51125 0.48875 
0.48875 0.36125 0.51125 0.36125 0.51125 0.36125 0.63875 0.36125 0.48875 0.36125 
0.63875 0.51125 
opponent protoss
0.5 0.5 0.63875 0.5 0.5 0.5 0.5 0.5 0.5 0.5 
0.5 0.5 0.5 0.5 0.5 0.5 0.5 0.5 0.5 0.5 
0.5 0.5 0.5 0.5 0.5 0.5 0.5 0.5 0.5 0.5 
0.5 0.5 0.5 0.5 0.5 0.5 0.5 0.5 0.5 0.5 
0.5 0.5 0.6115 0.31607 0.40819 0.55305 0.66143 0.66143 0.74487 0.31607 
0.40513 0.55819 0.46093 0.59181 0.46607 0.49725 0.55819 0.66143 0.18857 0.31607 
0.41687 0.81143 
opponent terran
0.5 0.5 0.5 0.5 0.5 0.5 0.5 0.5 0.5 0.5 
0.5 0.5 0.5 0.5 0.5 0.5 0.5 0.5 0.5 0.5 
0.5 0.5 0.5 0.5 0.5 0.5 0.5 0.5 0.739 0.5 
0.5 0.5 0.5 0.5 0.5 0.5 0.5 0.5 0.5 0.5 
0.5 0.5 0.575 0.57765 0.65065 0.30015 0.40853 0.77815 0.57765 0.22185 
0.45015 0.31397 0.77815 0.39228 0.37185 0.45015 0.33022 0.65065 0.54985 0.22185 
0.37185 0.33022 
opponent someone
0.5 0.5 0.5 0.5 0.5 0.5 0.5 0.5 0.5 0.5 
0.5 0.5 0.5 0.5 0.5 0.5 0.5 0.5 0.5 0.5 
0.5 0.5 0.5 0.5 0.5 0.5 0.5 0.5 0.5 0.5 
0.5 0.5 0.5 0.5 0.5 0.5 0.5 0.5 0.5 0.5 
0.5 0.5 0.5 0.5 0.5 0.5 0.5 0.5 0.5 0.5 
0.5 0.5 0.5 0.5 0.5 0.5 0.5 0.5 0.5 0.5 
0.5 0.5 
